CONVERGENCE DIAGNOSTICS - AR(1) LOG-NORMAL MODEL
================================================================================

Convergence: PASS
  Max R-hat: 1.0000
  Min ESS bulk: 5042
  Divergences: 0 (0.00%)

Parameter Summary:
                  mean     sd  hdi_3%  hdi_97%  mcse_mean  mcse_sd  ess_bulk  ess_tail  r_hat
alpha            4.342  0.257   3.854    4.834      0.003    0.003    5553.0    5464.0    1.0
beta_1           0.808  0.110   0.601    1.011      0.001    0.001    6724.0    5249.0    1.0
beta_2           0.015  0.125  -0.213    0.261      0.002    0.001    5042.0    4991.0    1.0
phi              0.847  0.061   0.736    0.942      0.001    0.001    5357.0    4390.0    1.0
phi_raw          0.891  0.064   0.775    0.991      0.001    0.001    5357.0    4390.0    1.0
sigma_regime[0]  0.239  0.053   0.148    0.335      0.001    0.001    6011.0    4862.0    1.0
sigma_regime[1]  0.207  0.047   0.130    0.292      0.001    0.001    7479.0    5115.0    1.0
sigma_regime[2]  0.169  0.040   0.103    0.242      0.001    0.001    6119.0    4099.0    1.0
epsilon_0        0.311  0.392  -0.446    1.021      0.005    0.006    5633.0    4783.0    1.0